<?xml version="1.0" encoding="UTF-8"?>
<svg xmlns="http://www.w3.org/2000/svg" width="1133.85862483736px" Height="1133.85862483736px" viewBox="0 0 1133.85862483736 1133.85862483736">
<g id="WolfiesPuzzleGenerator" transform="scale(3.779528749457873844999636220357925)"><title>Wolfie's Puzzle Generator</title>
<g id="Puzzle"><title>Puzzle</title>
<g id="RowLayer_1"><title>RowLayer_1</title>

<path id="Cut_Piece_1_1"  fill="none" stroke="red" stroke-width=".5px" d="

M 0 0
l 150,0

M 150 0
c 
2.723464,13.40782 4.189944,36.31285 0,46.22905 
-2.409218,6.005587 0.4189944,12.84916 3.77095,9.916202 
5.446928,-4.888268 7.960894,-9.636871 17.28352,-9.636871 
9.427374,0 14.8743,12.15084 14.8743,28.49162 
0,16.48045 -5.446928,28.49162 -14.8743,28.49162 
-9.322626,0 -11.83659,-4.748603 -17.28352,-9.636871 
-3.351955,-2.932961 -6.180168,3.910614 -3.77095,9.916202 
4.189944,9.916202 2.723464,32.9609 0,46.22905 

M 0 150
c 
13.40782,2.723464 36.31285,4.189944 46.22905,0 
6.005587,-2.409218 12.84916,0.4189944 9.916202,3.77095 
-4.888268,5.446928 -9.636871,7.960894 -9.636871,17.28352 
0,9.427374 12.15084,14.8743 28.49162,14.8743 
16.48045,0 28.49162,-5.446928 28.49162,-14.8743 
0,-9.322626 -4.748603,-11.83659 -9.636871,-17.28352 
-2.932961,-3.351955 3.910614,-6.180168 9.916202,-3.77095 
9.916202,4.189944 32.9609,2.723464 46.22905,0 

M 0 0
l 0,150"
/>

<path id="Cut_Piece_1_2"  fill="none" stroke="red" stroke-width=".5px" d="

M 150 0
l 150,0

M 300 0
l 0,150
M 150 150
c 
13.40782,-2.723464 36.31285,-4.189944 46.22905,0 
6.005587,2.409218 12.84916,-0.4189944 9.916202,-3.77095 
-4.888268,-5.446928 -9.636871,-7.960894 -9.636871,-17.28352 
0,-9.427374 12.15084,-14.8743 28.49162,-14.8743 
16.48045,0 28.49162,5.446928 28.49162,14.8743 
0,9.322626 -4.748603,11.83659 -9.636871,17.28352 
-2.932961,3.351955 3.910614,6.180168 9.916202,3.77095 
9.916202,-4.189944 32.9609,-2.723464 46.22905,0 

M 150 0
c 
2.723464,13.40782 4.189944,36.31285 0,46.22905 
-2.409218,6.005587 0.4189944,12.84916 3.77095,9.916202 
5.446928,-4.888268 7.960894,-9.636871 17.28352,-9.636871 
9.427374,0 14.8743,12.15084 14.8743,28.49162 
0,16.48045 -5.446928,28.49162 -14.8743,28.49162 
-9.322626,0 -11.83659,-4.748603 -17.28352,-9.636871 
-3.351955,-2.932961 -6.180168,3.910614 -3.77095,9.916202 
4.189944,9.916202 2.723464,32.9609 0,46.22905 
"
/>
</g>
<g id="RowLayer_2"><title>RowLayer_2</title>

<path id="Cut_Piece_2_1"  fill="none" stroke="red" stroke-width=".5px" d="

M 0 150
c 
13.40782,2.723464 36.31285,4.189944 46.22905,0 
6.005587,-2.409218 12.84916,0.4189944 9.916202,3.77095 
-4.888268,5.446928 -9.636871,7.960894 -9.636871,17.28352 
0,9.427374 12.15084,14.8743 28.49162,14.8743 
16.48045,0 28.49162,-5.446928 28.49162,-14.8743 
0,-9.322626 -4.748603,-11.83659 -9.636871,-17.28352 
-2.932961,-3.351955 3.910614,-6.180168 9.916202,-3.77095 
9.916202,4.189944 32.9609,2.723464 46.22905,0 

M 150 150
c 
2.723464,13.40782 4.189944,36.31285 0,46.22905 
-2.409218,6.005587 0.4189944,12.84916 3.77095,9.916202 
5.446928,-4.888268 7.960894,-9.636871 17.28352,-9.636871 
9.427374,0 14.8743,12.15084 14.8743,28.49162 
0,16.48045 -5.446928,28.49162 -14.8743,28.49162 
-9.322626,0 -11.83659,-4.748603 -17.28352,-9.636871 
-3.351955,-2.932961 -6.180168,3.910614 -3.77095,9.916202 
4.189944,9.916202 2.723464,32.9609 0,46.22905 

M 0 300
l 150,0

M 0 150
l 0,150"
/>

<path id="Cut_Piece_2_2"  fill="none" stroke="red" stroke-width=".5px" d="

M 150 150
c 
13.40782,-2.723464 36.31285,-4.189944 46.22905,0 
6.005587,2.409218 12.84916,-0.4189944 9.916202,-3.77095 
-4.888268,-5.446928 -9.636871,-7.960894 -9.636871,-17.28352 
0,-9.427374 12.15084,-14.8743 28.49162,-14.8743 
16.48045,0 28.49162,5.446928 28.49162,14.8743 
0,9.322626 -4.748603,11.83659 -9.636871,17.28352 
-2.932961,3.351955 3.910614,6.180168 9.916202,3.77095 
9.916202,-4.189944 32.9609,-2.723464 46.22905,0 

M 300 150
l 0,150
M 150 300
l 150,0

M 150 150
c 
2.723464,13.40782 4.189944,36.31285 0,46.22905 
-2.409218,6.005587 0.4189944,12.84916 3.77095,9.916202 
5.446928,-4.888268 7.960894,-9.636871 17.28352,-9.636871 
9.427374,0 14.8743,12.15084 14.8743,28.49162 
0,16.48045 -5.446928,28.49162 -14.8743,28.49162 
-9.322626,0 -11.83659,-4.748603 -17.28352,-9.636871 
-3.351955,-2.932961 -6.180168,3.910614 -3.77095,9.916202 
4.189944,9.916202 2.723464,32.9609 0,46.22905 
"
/>
</g>
</g>
</g>

</svg>
